created: 20230903054618386
creator: KylePan
<<<<<<< HEAD
difficulty: 5.010000000000001
due: 20230916094653020
grade: 1
history: [{"due":"20230905134951114","interval":0,"difficulty":5,"stability":2,"retrievability":1,"grade":-1,"lapses":0,"reps":1,"review":"20230903134951110"}]
interval: 4
lapses: 0
modified: 20230907094653020
modifier: KylePan
reps: 2
retrievability: 0.81
review: 20230907094653020
stability: 9.075440292178332
tags: 辨太阳病脉证并治 条文 ?
=======
difficulty: 5.0538149682454625
due: 20230913141146343
grade: 1
history: [{"due":"20230905134951114","interval":0,"difficulty":5,"stability":2,"retrievability":1,"grade":-1,"lapses":0,"reps":1,"review":"20230903134951110"}]
interval: 3
lapses: 0
modified: 20230906141146343
modifier: KylePa
reps: 2
retrievability: 0.8538149682454624
review: 20230906141146342
stability: 7.290234566162131
tags: 辨太阳病脉证并治 ?
>>>>>>> 0d7072a (Updated with Git-Sync)
title: 条文二十一
tmap.id: 0d91d0fb-49b6-473e-afcc-7ebb8affc046
type: text/vnd.tiddlywiki

太阳病下之后，脉促胸满者，[[桂枝去芍药汤]]主之。