created: 20230903054911555
creator: KylePan
<<<<<<< HEAD
difficulty: 5.010000000000001
due: 20230916094242346
grade: 1
history: [{"due":"20230905135157207","interval":0,"difficulty":5,"stability":2,"retrievability":1,"grade":-1,"lapses":0,"reps":1,"review":"20230903135157206"}]
interval: 4
lapses: 0
modified: 20230907094242346
modifier: KylePan
reps: 2
retrievability: 0.81
review: 20230907094242346
stability: 9.075440292178332
tags: 辨太阳病脉证并治 条文 ?
=======
difficulty: 5.0538149682454625
due: 20230913140554357
grade: 1
history: [{"due":"20230905135157207","interval":0,"difficulty":5,"stability":2,"retrievability":1,"grade":-1,"lapses":0,"reps":1,"review":"20230903135157206"}]
interval: 3
lapses: 0
modified: 20230906140554358
modifier: KylePa
reps: 2
retrievability: 0.8538149682454624
review: 20230906140554355
stability: 7.290234566162131
tags: 辨太阳病脉证并治 ?
>>>>>>> 0d7072a (Updated with Git-Sync)
title: 条文二十二
tmap.id: 9044cc37-72c0-4a86-beca-5bb1ba13163a
type: text/vnd.tiddlywiki

若微寒者，[[桂枝去芍药加附子汤]]主之。