created: 20230903060709673
creator: KylePan
<<<<<<< HEAD
difficulty: 5.010000000000001
due: 20230916094210772
grade: 1
history: [{"due":"20230905135825245","interval":0,"difficulty":5,"stability":2,"retrievability":1,"grade":-1,"lapses":0,"reps":1,"review":"20230903135825244"}]
interval: 4
lapses: 0
modified: 20230907094210772
modifier: KylePan
reps: 2
retrievability: 0.81
review: 20230907094210772
stability: 9.075440292178332
tags: 辨太阳病脉证并治 条文 ?
=======
difficulty: 5.0538149682454625
due: 20230913140536741
grade: 1
history: [{"due":"20230905135825245","interval":0,"difficulty":5,"stability":2,"retrievability":1,"grade":-1,"lapses":0,"reps":1,"review":"20230903135825244"}]
interval: 3
lapses: 0
modified: 20230906140536742
modifier: KylePa
reps: 2
retrievability: 0.8538149682454624
review: 20230906140536738
stability: 7.290234566162131
tags: 辨太阳病脉证并治 exported ?
>>>>>>> 0d7072a (Updated with Git-Sync)
title: 条文二十八
tmap.id: 932bce94-3c37-48cc-9e83-a07cbd8b22f0
type: text/vnd.tiddlywiki

服[[桂枝汤]]，或下之，仍头项强痛，翕翕发热，无汗，心下满，微痛，小便不利者，[[桂枝去桂加茯苓白术汤]]主之。