created: 20230903060550953
creator: KylePan
<<<<<<< HEAD
difficulty: 5.010000000000001
due: 20230916092513066
grade: 1
history: [{"due":"20230905135748205","interval":0,"difficulty":5,"stability":2,"retrievability":1,"grade":-1,"lapses":0,"reps":1,"review":"20230903135748200"}]
interval: 4
lapses: 0
modified: 20230907092513066
modifier: KylePan
reps: 2
retrievability: 0.81
review: 20230907092513066
stability: 9.075440292178332
=======
difficulty: 5.0538149682454625
due: 20230913135709193
grade: 1
history: [{"due":"20230905135748205","interval":0,"difficulty":5,"stability":2,"retrievability":1,"grade":-1,"lapses":0,"reps":1,"review":"20230903135748200"}]
interval: 3
lapses: 0
modified: 20230906135709194
modifier: KylePa
reps: 2
retrievability: 0.8538149682454624
review: 20230906135709180
stability: 7.290234566162131
>>>>>>> 0d7072a (Updated with Git-Sync)
tags: 方剂 ?
title: 桂枝二越婢一汤
tmap.id: 9576a273-4fe8-45ad-a345-ffde6a32894a
type: text/vnd.tiddlywiki

[[桂枝]]（去皮） [[芍药]] [[麻黄]]（去节） [[甘草]]（炙）各十八铢 [[大枣]]四枚（擘） [[生姜]]一两二铢（切） [[石膏]]二十四铢（碎，绵裹）

上七味，以水五升，煮麻黄一二沸，去上沫，内诸药，煮取二升，去滓。温服一升。本云，当裁为[[越婢汤]]、[[桂枝汤]]合之，饮一升。今合为一方，桂枝汤二分，越婢汤一分。