created: 20230903054740618
creator: KylePan
<<<<<<< HEAD
difficulty: 5.010000000000001
due: 20230916093458089
grade: 1
history: [{"due":"20230905135037557","interval":0,"difficulty":5,"stability":2,"retrievability":1,"grade":-1,"lapses":0,"reps":1,"review":"20230903135037556"}]
interval: 4
lapses: 0
modified: 20230907093458089
modifier: KylePan
reps: 2
retrievability: 0.81
review: 20230907093458089
stability: 9.075440292178332
=======
difficulty: 5.0538149682454625
due: 20230913135912509
grade: 1
history: [{"due":"20230905135037557","interval":0,"difficulty":5,"stability":2,"retrievability":1,"grade":-1,"lapses":0,"reps":1,"review":"20230903135037556"}]
interval: 3
lapses: 0
modified: 20230906135912509
modifier: KylePa
reps: 2
retrievability: 0.8538149682454624
review: 20230906135912507
stability: 7.290234566162131
>>>>>>> 0d7072a (Updated with Git-Sync)
tags: 方剂 ?
title: 桂枝去芍药汤
tmap.id: b4b5a5c4-6f7b-4397-990b-aa5837e457c6
type: text/vnd.tiddlywiki

[[桂枝]]三两（去皮）[[甘草]]二两（炙）[[生姜]]三两（切）[[大枣]]十二枚（劈）

右四味，以水七升，煮取三升，去滓，温服一升，日三服。将息如[[桂枝汤]]法。