created: 20230903060013980
creator: KylePan
<<<<<<< HEAD
difficulty: 5.010000000000001
due: 20230916092436822
grade: 1
history: [{"due":"20230905135546139","interval":0,"difficulty":5,"stability":2,"retrievability":1,"grade":-1,"lapses":0,"reps":1,"review":"20230903135546139"}]
interval: 4
lapses: 0
modified: 20230907092436822
modifier: KylePan
reps: 2
retrievability: 0.81
review: 20230907092436822
stability: 9.075440292178332
=======
difficulty: 5.0538149682454625
due: 20230913131825341
grade: 1
history: [{"due":"20230905135546139","interval":0,"difficulty":5,"stability":2,"retrievability":1,"grade":-1,"lapses":0,"reps":1,"review":"20230903135546139"}]
interval: 3
lapses: 0
modified: 20230906131825342
modifier: KylePa
reps: 2
retrievability: 0.8538149682454624
review: 20230906131825338
stability: 7.290234566162131
>>>>>>> 0d7072a (Updated with Git-Sync)
tags: 方剂 ?
title: 桂枝二麻黄一汤
tmap.id: 788b0e87-7838-436a-9acf-91b38a73f800
type: text/vnd.tiddlywiki

[[桂枝]]一两十七铢（去皮） [[芍药]]一两六铢 [[麻黄]]十六铢（去节） [[生姜]]一两六铢 [[杏仁]]十六个（去皮尖） [[甘草]]一两二铢（炙） [[大枣]]五枚（擘）

上七味，以水五升，先煮[[麻黄]]一二沸，去上沫，内诸药，煮取二升，去滓。温服一升，日再服。本云，[[桂枝汤]]二分，[[麻黄汤]]一分，合为二升，分再服。今合为一方，将息如前法。