created: 20230903061051448
creator: KylePan
<<<<<<< HEAD
difficulty: 5.010000000000001
due: 20230916092351678
grade: 1
history: [{"due":"20230905140851747","interval":0,"difficulty":5,"stability":2,"retrievability":1,"grade":-1,"lapses":0,"reps":1,"review":"20230903140851746"}]
interval: 4
lapses: 0
modified: 20230907092351678
modifier: KylePan
reps: 2
retrievability: 0.81
review: 20230907092351678
stability: 9.075440292178332
=======
difficulty: 5.0538149682454625
due: 20230913131759137
grade: 1
history: [{"due":"20230905140851747","interval":0,"difficulty":5,"stability":2,"retrievability":1,"grade":-1,"lapses":0,"reps":1,"review":"20230903140851746"}]
interval: 3
lapses: 0
modified: 20230906131759137
modifier: KylePa
reps: 2
retrievability: 0.8538149682454624
review: 20230906131759130
stability: 7.290234566162131
>>>>>>> 0d7072a (Updated with Git-Sync)
tags: 方剂 ?
title: 甘草干姜汤
tmap.id: 2be11969-f9ee-43b6-8e9a-1d24077e630a
type: text/vnd.tiddlywiki

[[甘草]]四两（炙） [[干姜]]二两（炮）

上二味，以水三升，煮取一升五合，去滓。分温再服。