created: 20230903061134577
creator: KylePan
<<<<<<< HEAD
difficulty: 5.010000000000001
due: 20230916093605656
grade: 1
history: [{"due":"20230905140926533","interval":0,"difficulty":5,"stability":2,"retrievability":1,"grade":-1,"lapses":0,"reps":1,"review":"20230903140926532"}]
interval: 4
lapses: 0
modified: 20230907093605656
modifier: KylePan
reps: 2
retrievability: 0.81
review: 20230907093605656
stability: 9.075440292178332
=======
difficulty: 5.0538149682454625
due: 20230913140046466
grade: 1
history: [{"due":"20230905140926533","interval":0,"difficulty":5,"stability":2,"retrievability":1,"grade":-1,"lapses":0,"reps":1,"review":"20230903140926532"}]
interval: 3
lapses: 0
modified: 20230906140046466
modifier: KylePa
reps: 2
retrievability: 0.8538149682454624
review: 20230906140046465
stability: 7.290234566162131
>>>>>>> 0d7072a (Updated with Git-Sync)
tags: 方剂 ?
title: 芍药甘草汤
tmap.id: 7eea9e26-103c-4563-8dfb-a27a907af353
type: text/vnd.tiddlywiki

[[白芍药]] [[甘草]]（炙）各四两

上二味，以水三升，煮取一升五合，去滓，分温再服。